layout_spectrum: 0.6003584
color:
  saturation: 0.5770897
  lightness: 0.7291601
  brandStrength: 0.3019882
  rhythmicContrast: 0.5097936
typography_spectrum: 0.01233018
name: Chiron
